.Random.seed <-
c(403L, 10L, -99267060L, 572114511L, 708283141L, 1710132156L, 
1228152466L, -100663923L, 2124688839L, -2100293970L, -905779448L, 
-994380533L, -1716616215L, -1519078216L, -245292186L, -1616295935L, 
-38005101L, 1748871490L, 1800701684L, 1287033591L, -1350827283L, 
1183784324L, 809735082L, -293885675L, 747365295L, -895239242L, 
518398432L, 1177960739L, -943819199L, 1815755056L, -455996594L, 
-696282695L, 454134731L, 1178206330L, -1395236484L, 1101001151L, 
150294165L, 489354412L, -1837916542L, -1334167971L, 1079368023L, 
-284376002L, 114444408L, -1317989541L, 71732921L, 1708770056L, 
-815171146L, 102893297L, -179662557L, 1383318386L, 1163258308L, 
448106887L, 116026205L, -1080351404L, 51332986L, -982440251L, 
-1059903457L, 1556402086L, 1111699760L, 1211739091L, 218264049L, 
-1933175008L, 1870586302L, -650210871L, 1547748731L, -2025622710L, 
275051436L, 1915804335L, 2098931813L, 1398949916L, 881804914L, 
-1861805843L, 162519335L, 995476814L, -1945795160L, 385991083L, 
-1746109751L, 59697880L, -190916730L, 215337569L, -905571341L, 
-36682142L, 30974164L, 1678617047L, 1840929741L, 881356644L, 
-1041417398L, -687879499L, 837679631L, -2098423018L, 322942400L, 
779445635L, -821285983L, 756183952L, -1136152466L, -2058086887L, 
-1555810645L, -1147532646L, -1134365092L, 1857446751L, 1124064565L, 
-1097315124L, -504154590L, -602470275L, 531558775L, -1052090722L, 
-820949672L, -1118454597L, 290128473L, -1732072984L, -1430369258L, 
-1591281775L, -1413752765L, -771350702L, -309271580L, -1922287065L, 
1959088765L, -1847456908L, 1264314202L, -1419877979L, 1707670975L, 
1811619398L, -2124501808L, -751106317L, 797016081L, -391190976L, 
1117571614L, -1148992279L, -499126757L, -11661782L, 1965322572L, 
1275411215L, 1676684869L, -164653060L, -1465086382L, 1776915405L, 
1237065095L, -491825042L, -162095032L, -1963617717L, 13471657L, 
-1532608776L, 2126830118L, -35630271L, -181749549L, -409109374L, 
-700794188L, -576098761L, 597218605L, -342499772L, -1110219926L, 
335343573L, 605075823L, 730911862L, 488980384L, -1551062941L, 
2134977793L, -461496208L, -1506006002L, -1989014407L, 978803723L, 
-1389406918L, 2035115068L, -1392528513L, -1403338539L, -2133822228L, 
-673247678L, -1027440227L, 754676759L, -1567512194L, 706015032L, 
-1846433765L, 1440131449L, -1187246136L, 573248502L, -382679503L, 
-348307357L, -708558798L, -785285756L, -1324842041L, 1768089245L, 
1936248340L, 337319098L, 1168703749L, -1004494113L, -368111770L, 
-1189665040L, 541072915L, -203016271L, -1011973536L, 869236734L, 
-452071543L, 1060792507L, -1583479670L, -1076340884L, 1084056815L, 
47370021L, -830555684L, 1394567090L, 1410494125L, 1538049639L, 
-2019101298L, -1947778456L, 1915158123L, -1401120759L, -1584658792L, 
-1591852602L, -832990943L, 524951987L, -1021534942L, 1720866580L, 
-1731784809L, -1363619955L, 99332772L, 1662434442L, 1244492533L, 
1656493391L, 740270678L, 599081216L, 359969859L, -69003295L, 
969488208L, 2121705902L, -1327831207L, 1138453867L, 1102722266L, 
227818908L, -1249123937L, -227449867L, -1993008300L, -1853834776L, 
1743997690L, -91326640L, 816004140L, 226440564L, 1647085202L, 
1856060000L, -937966964L, 2129197920L, -207559966L, 1962950824L, 
-575668020L, 592628220L, -740061262L, -1488955920L, 376030660L, 
-1139400872L, -1959498886L, -76048976L, 812554684L, 1087973460L, 
1172745154L, 1379304224L, 230522812L, -1653618096L, -1317044766L, 
-2065559192L, -1333621428L, 775702780L, 1011573490L, -1779493120L, 
-260159884L, -1153570808L, 1801009594L, -1904896048L, -1010509332L, 
1822445460L, 1732408018L, 1529572960L, 725615948L, 289330464L, 
832721538L, -1619056152L, -2011461652L, -1821313476L, -1932382606L, 
-1423826064L, 69953828L, -1677348296L, 524288410L, 2033781200L, 
1659116988L, 731916436L, -968196990L, -478296640L, 1069826876L, 
-1988234096L, 1080107810L, 56602120L, 1457581324L, 919672220L, 
890920466L, 210766720L, 1532568340L, -1612115672L, 1463872570L, 
-1832981552L, 223445612L, 595147316L, 1825315474L, -1479172768L, 
-949106356L, -1252501536L, -1838574174L, -229474904L, -1425414516L, 
-12272196L, -1186468238L, 132152304L, 555431492L, -53348264L, 
92297274L, -1054906256L, -1846921156L, 1001896212L, 1420133058L, 
438046432L, 33417340L, -178368816L, -268822110L, -1549144024L, 
-1144759540L, 2124796348L, -954969294L, 1840356032L, -198204364L, 
-1841523000L, 1860269242L, 1797912208L, -2117423380L, 380660308L, 
467010194L, 1969226016L, -711824948L, 1815003872L, 1710659778L, 
914601000L, -631769172L, 2101576380L, -1705210894L, 1109503536L, 
-756521052L, 572370360L, 428238682L, 356593808L, 150463356L, 
1129156884L, 273566018L, -604018432L, -844722756L, 1474464080L, 
801384738L, 456475208L, 1714612236L, 1001735772L, -1275614766L, 
378080768L, 644275540L, -298545944L, 984680698L, 1103470288L, 
-1604367572L, -1587828492L, 2128552338L, 1530840416L, -107449332L, 
777407712L, 1167741538L, 1724146856L, 869418060L, 1534779260L, 
-415336142L, 1959617136L, -1372327100L, 1719712728L, 260647802L, 
3635248L, -237682756L, -1705940396L, 1232121922L, -1928083808L, 
20021948L, 1037419472L, 526161250L, 1341800168L, -336290612L, 
990632444L, 1259937266L, 47881344L, 1489287668L, 1283900040L, 
-464127174L, 1878386000L, -639220628L, 219712916L, 1540745298L, 
1360969184L, 2082714828L, 2098011808L, 1257640322L, 799498472L, 
2044906220L, 1778081084L, -1653929870L, 538796656L, -1949263324L, 
1330227256L, 1687206170L, -1290328880L, 442046780L, -1883565164L, 
-859777150L, 68619200L, -1626139076L, -1578516080L, -1465096158L, 
1516096776L, 649128076L, 1967804188L, 2002009234L, 1449053568L, 
-514412524L, -1203919064L, 1980114490L, 1342327248L, 1932083564L, 
-13714508L, 1498141202L, 2099517408L, -984614452L, -513287968L, 
-1550273502L, 77871912L, -72275444L, 1710076732L, 410896370L, 
513901296L, 150735428L, 1738700376L, -863463622L, -250849296L, 
647867068L, -980269804L, 1756359874L, -1172247456L, 621231484L, 
-1513619504L, -1988851422L, -1241739608L, 436764556L, 1765893308L, 
560927538L, -1409403328L, 640283828L, 534400072L, -1280356934L, 
631878600L, -728309146L, -1344242541L, -1525230603L, -610880046L, 
1567737376L, -1433655287L, 634326331L, 1718845580L, 597404954L, 
1838293903L, 105241817L, 815379310L, 1279812348L, 1961021549L, 
-1185432553L, -1232110112L, -1088722498L, 93011851L, -1032781811L, 
-1124358086L, 1355974776L, -1938594783L, 518518483L, -2011298316L, 
-467818878L, 344851223L, -1789996575L, 1143742246L, 1321126436L, 
-826512171L, -493347713L, 1746817304L, -1573388234L, -862611773L, 
-1774527739L, 300957346L, 1274432656L, -1623106503L, 1889645803L, 
-1214405156L, 1560235018L, -648926465L, -1334557879L, 2050799838L, 
-601741684L, 1598067293L, -1210634137L, -395530864L, -235889234L, 
-165738405L, 1526546493L, -1640917334L, 576435016L, 1040398193L, 
-708960029L, -731334684L, -528765166L, -1856539929L, 1874638001L, 
-1692887306L, 2090336532L, -1425361371L, 259754799L, -1684243224L, 
-774251066L, -1440584589L, -324409643L, -444949326L, 873517184L, 
-1095451543L, -674002725L, 1204919340L, -568433606L, 1624421103L, 
-951636615L, 368837134L, -2000260132L, 1188396109L, 670281655L, 
-33812160L, -1077954530L, -1000608021L, -1622770067L, 1634838234L, 
165271192L, -1610064639L, 958849715L, -126407212L, -1464275742L, 
1022150007L, -1303741247L, 209993798L, 316190596L, 1610746165L, 
372643615L, 918092408L, -16801962L, -1096778269L, 1288836005L, 
1816994370L, 1334231088L, -485542823L, 197913035L, 535996988L, 
1736696938L, -1210517857L, 862780201L, 905516990L, 995436204L, 
1775373309L, 216105799L, 877306928L, 1958282574L, -404021893L, 
1469172445L, -911996150L, 2115865128L, -863690095L, -251796861L, 
151806852L, 257804722L, -1097271545L, 2131711313L, -202138410L, 
993982900L, 1651535301L, 236862735L, -1361785976L, -52686170L, 
-249101741L, 852249525L, 1296890130L, -84677920L, -1795391671L, 
2021036411L, 1641774156L, 1962163674L, -1717796913L, 249627033L, 
-1684246098L, 335580860L, 317521709L, 1116437719L, 325535008L, 
1984221822L, -959603637L, 822120013L, 520893562L, -824314696L, 
